ACTIVE_PART_STACK__BORDER_COLOR=0.0, 0.0, 0.25, 0|0.0, 0.0, 0.2509804, 100
ACTIVE_PART_STACK__HEADER_BACKGROUND_COLOR=0.0, 0.0, 0.15957445, 0|0.0, 0.0, 0.0, 100
ACTIVE_PART_STACK__HOVER_BORDER_COLOR=0.0, 0.0, 0.6117021, 0|0.0, 0.0, 0.611702, 100
ACTIVE_PART_STACK__SELECTED_BORDER_COLOR=0.0, 0.825203, 0.964706, 0|0.0, 0.825203, 0.964706, 100
ACTIVE_PART_STACK__SELECTED_FILL_COLOR=0.0, 0.0, 0.26595747, 0|0.0, 0.0, 0.43617022, 100
ACTIVE_PART_STACK__SELECTED_TEXT_COLOR=0.0, 0.0, 1.0
ACTIVE_PART_STACK__SELECTED_TEXT_SHADOW_COLOR=0.0, 0.0, 0.24468082
ACTIVE_PART_STACK__UNSELECTED_BORDER_COLOR=0.0, 0.0, 0.6117021, 0|0.0, 0.0, 0.611702, 100
EDITORS_PART_STACK__BORDER_COLOR=0.0, 0.0, 0.6117021, 0|0.0, 0.0, 0.611702, 100
FORMS__ACTIVE_HYPER_LINK_COLOR=0.0, 0.88829786, 0.60638297
FORMS__FORM_HEADING_BACKGROUND=0.0, 0.0, 0.21276593, 0|0.0, 0.0, 0.0, 100
FORMS__FORM_HEADING_BORDER_2_COLOR=0.0, 0.27160493, 0.9529412
FORMS__FORM_HEADING_TITLE_COLOR=0.0, 0.0, 1.0
FORMS__HYPER_LINK_COLOR=0.0, 1.0, 1.0
FORMS__SECTION_HEADER_ACTIVE_TITLE_COLOR=0.0, 0.25531915, 0.64893615
FORMS__SECTION_HEADER_BORDER_COLOR=0.0, 0.27160493, 0.9529412
FORMS__SECTION_HEADER_TINT_COLOR=0.0, 0.07968127, 0.9843137
FORMS__SECTION_HEADER_TITLE_COLOR=0.0, 0.30158728, 0.49411765
INACTIVE_PART_STACK__BORDER_COLOR=0.0, 0.0, 0.31914896, 0|0.0, 0.0, 0.31764707, 100
INACTIVE_PART_STACK__HEADER_BACKGROUND_COLOR=0.0, 0.0, 0.2393617, 0|0.0, 0.0, 0.26595747, 99
INACTIVE_PART_STACK__HOVER_BORDER_COLOR=0.0, 0.0, 0.611702, 0|0.0, 0.0, 0.611702, 100
INACTIVE_PART_STACK__SELECTED_BORDER_COLOR=0.0, 0.0, 0.611702, 0|0.0, 0.0, 0.611702, 100
INACTIVE_PART_STACK__UNSELECTED_BORDER_COLOR=0.0, 0.0, 0.611702, 0|0.0, 0.0, 0.611702, 100
OTHERS__DRAG_FEEDBACK_COLOR=0.0, 1.0, 1.0
OTHERS__USER_CSS=\#org-eclipse-e4-ui-compatibility-editor * { background-color\: \#002b36; }
TEXT_EDITOR__RULER_COLOR=0.0, 0.0, 0.047872365
TEXT_EDITOR__UNDER_LINE_COLOR=0.0, 0.0, 0.17553192
TEXT_EDITOR__UNDER_LINE_STYLE=0
WINDOW__PERSPECTIVE_SWITCHER_TEXT_COLOR=0.0, 0.0, 1.0
WINDOW__STATUS_BAR_FILL_COLOR=0.0, 0.0, 0.6648936, 5|0.0, 0.0, 0.81960785, 5|0.0, 0.0, 0.30319148, 5|0.0, 0.0, 1.0, 9|0.0, 0.0, 0.0, 9|0.0, 0.0, 0.17553192, 100
WINDOW__STATUS_BAR_TEXT_COLOR=0.0, 0.0, 1.0
WINDOW__TOOLBAR_FILL_COLOR=0.0, 0.0, 0.13829786, 0|0.0, 0.0, 0.0, 100
eclipse.preferences.version=1
